2.160e+02 4.197e+02 0.000e+00
2.966e+02 4.055e+02 0.000e+00
3.017e+02 2.994e+02 0.000e+00
3.146e+02 2.411e+02 0.000e+00
1.401e+02 2.712e+02 0.000e+00
1.775e+02 3.551e+02 0.000e+00
4.049e+02 3.014e+02 0.000e+00
3.039e+02 3.215e+02 0.000e+00
1.979e+02 3.366e+02 0.000e+00
4.576e+02 3.307e+02 0.000e+00
4.834e+02 3.488e+02 0.000e+00
1.710e+02 4.193e+02 0.000e+00
4.001e+02 2.467e+02 0.000e+00
2.667e+02 1.146e+02 0.000e+00
3.248e+02 2.993e+02 0.000e+00
7.872e+02 6.940e+02 1.000e+00
9.089e+02 7.718e+02 1.000e+00
7.167e+02 7.887e+02 1.000e+00
6.734e+02 7.531e+02 1.000e+00
8.223e+02 8.524e+02 1.000e+00
9.255e+02 6.482e+02 1.000e+00
8.753e+02 6.684e+02 1.000e+00
7.786e+02 7.140e+02 1.000e+00
6.459e+02 8.821e+02 1.000e+00
7.366e+02 6.842e+02 1.000e+00
8.670e+02 8.411e+02 1.000e+00
8.869e+02 6.741e+02 1.000e+00
7.982e+02 7.989e+02 1.000e+00
7.915e+02 6.140e+02 1.000e+00
6.979e+02 8.610e+02 1.000e+00
9.247e+02 8.395e+02 1.000e+00
7.629e+02 7.278e+02 1.000e+00
8.465e+02 7.812e+02 1.000e+00
8.006e+02 7.967e+02 1.000e+00
7.934e+02 8.052e+02 1.000e+00
2.959e+02 7.992e+02 2.000e+00
3.527e+02 9.748e+02 2.000e+00
1.389e+02 6.932e+02 2.000e+00
2.796e+02 7.627e+02 2.000e+00
3.009e+02 7.999e+02 2.000e+00
1.951e+02 7.733e+02 2.000e+00
3.161e+02 9.432e+02 2.000e+00
3.053e+02 7.984e+02 2.000e+00
2.699e+02 8.079e+02 2.000e+00
3.881e+02 8.274e+02 2.000e+00
4.827e+02 8.066e+02 2.000e+00
3.486e+02 6.975e+02 2.000e+00
2.908e+02 6.458e+02 2.000e+00
1.772e+02 7.855e+02 2.000e+00
2.781e+02 8.110e+02 2.000e+00
1.784e+02 9.294e+02 2.000e+00
3.087e+02 8.266e+02 2.000e+00
2.981e+02 8.002e+02 2.000e+00
3.325e+02 7.528e+02 2.000e+00
2.890e+02 7.892e+02 2.000e+00
2.566e+02 8.117e+02 2.000e+00
2.759e+02 6.127e+02 2.000e+00
4.114e+02 8.653e+02 2.000e+00
3.433e+02 6.622e+02 2.000e+00
3.482e+02 6.914e+02 2.000e+00
7.466e+02 3.821e+02 3.000e+00
8.600e+02 3.346e+02 3.000e+00
6.075e+02 2.823e+02 3.000e+00
8.003e+02 4.022e+02 3.000e+00
9.106e+02 4.103e+02 3.000e+00
7.436e+02 2.737e+02 3.000e+00
9.341e+02 3.233e+02 3.000e+00
8.190e+02 1.686e+02 3.000e+00
7.188e+02 3.238e+02 3.000e+00
8.702e+02 2.883e+02 3.000e+00
9.442e+02 1.754e+02 3.000e+00
7.880e+02 2.707e+02 3.000e+00
6.735e+02 3.921e+02 3.000e+00
8.010e+02 3.039e+02 3.000e+00
8.173e+02 2.614e+02 3.000e+00
6.095e+02 2.785e+02 3.000e+00
8.275e+02 4.387e+02 3.000e+00
8.382e+02 4.304e+02 3.000e+00
7.315e+02 2.802e+02 3.000e+00
6.896e+02 3.171e+02 3.000e+00
6.815e+02 2.876e+02 3.000e+00
8.659e+02 3.890e+02 3.000e+00
8.374e+02 3.193e+02 3.000e+00
8.486e+02 3.524e+02 3.000e+00
8.531e+02 1.317e+02 3.000e+00
9.328e+02 1.681e+02 3.000e+00
7.512e+02 3.601e+02 3.000e+00
7.296e+02 3.282e+02 3.000e+00
7.157e+02 3.490e+02 3.000e+00
7.011e+02 2.947e+02 3.000e+00
8.467e+02 8.458e+02 4.000e+00
7.246e+02 2.132e+02 4.000e+00
3.720e+02 5.849e+02 4.000e+00
3.581e+02 3.919e+02 4.000e+00
3.228e+02 7.437e+02 4.000e+00
7.596e+02 8.517e+02 4.000e+00
4.054e+02 5.450e+02 4.000e+00
2.463e+02 6.832e+02 4.000e+00
4.121e+01 9.182e+02 4.000e+00
1.339e+02 4.337e+02 4.000e+00
